M508 C18O 2.0 0.74381 0.05474 0.00021 1915.22173 3830.44345 5745.66518 7660.88691 0.05480 0.10026 0.13419 0.15760 0.00422 0.00455 0.00654 0.00724 red
M508 C18O 2.0 0.86956 0.09636 0.00003 1915.22173 3830.44345 5745.66518 7660.88691 0.01980 0.02875 0.04840 0.06312 0.00591 0.00930 0.01149 0.01107 blue
M505 C18O 2.7 1.21550445 0.14490608 0.00000492 1915.22172725 3830.44345450 5745.66518175 0.04339378 0.11597778 0.17719878 0.00341694 0.00348468 0.00574462 red
M505 C18O 2.7 0.08696056 0.45656584 0.03552426 1915.22172725 3830.44345450 5745.66518175 7660.88690900 0.04242184 0.08763484 0.08223184 0.05324413 0.00482266 0.00481287 0.00436531 0.00438156 blue
M236 C18O 2.7 1.11959 0.05633 0.00001 1915.22173 3830.44345 5745.66518 0.04483 0.09229 0.15176 0.00416 0.00596 0.00797 red
M236 C18O 2.7 0.62782 0.19143 0.00028 1915.22173 3830.44345 5745.66518 0.03193 0.05426 0.05418 0.00258 0.00461 0.00933 blue
M350 C18O 3.5 -0.05015 0.48613 0.14745 1915.22173 3830.44345 5745.66518 0.08930 0.10884 0.06699 0.00557 0.00391 0.00544 red
M350 C18O 3.5 0.94438 0.14247 0.00009 1915.22173 3830.44345 5745.66518 0.11096 0.24795 0.31653 0.00423 0.00888 0.00804 blue

M490 C18O 4.3 0.45670 0.10025 0.00165 1915.22173 3830.44345 5745.66518 0.05139 0.07673 0.08181 0.00599 0.01139 0.01334 red
M490 C18O 4.3 0.74898 0.01138 0.00028 1915.22173 3830.44345 5745.66518 0.07968 0.13270 0.18146 0.00239 0.00278 0.00424 blue
M493 C18O 6.5 1.5854 0.17917 1.1002e-07 1915.2 3830.3 5745.5 7660.6 0.001666 0.048538 0.1035 0.15189 0.0061177 0.0062497 0.0050707 0.011101 red
M493 C18O 6.5 1.1169 0.032483 8.4819e-06 1915.2 3830.3 5745.5 7660.6 0.040802 0.081731 0.13492 0.18493 0.011355 0.014975 0.013059 0.011983 blue
M449 C18O 9.4 0.71613 0.18288 0.00020456 1915.2 3830.3 5745.5 0.042573 0.081452 0.095238 0.0045147 0.0053933 0.0066965 red
M449 C18O 9.4 1.4816 0.014727 8.3626e-07 1915.2 3830.3 5745.5 0.061697 0.16938 0.31109 0.0054669 0.0064619 0.0076024 blue
M456 C18O 11.5 0.85329 0.042656 4.477e-05 1915.2 3830.3 5745.5 0.027738 0.052438 0.071768 0.0031576 0.0041278 0.0036054 red
M456 C18O 11.5 1.2053 0.0061045 3.9218e-06 1915.2 3830.3 5745.5 0.035542 0.081522 0.13342 0.0023947 0.0029682 0.0050991 blue

M463 C18O 16.0 0.01089 0.23917 0.03794 1915.15251 3830.30501 5745.45752 0.03788 0.04659 0.03854 0.00637 0.00558 0.00480 red
M463 C18O 16.0 1.06229 0.10468 0.00003 1915.15251 3830.30501 5745.45752 7660.61003 0.08701 0.21542 0.34109 0.42192 0.00770 0.00960 0.01139 0.01138 blue
M463 SO 16.0 0.49480 0.14518 0.00223 1911.76627 3823.53253 5735.29880 0.09529 0.12700 0.19510 0.01096 0.01505 0.06195 red
M463 SO 16.0 0.98156 0.09956 0.00005 1911.76627 3823.53253 5735.29880 0.08482 0.18624 0.26049 0.01086 0.01340 0.01239 blue
M273 C18O 17.3 1.00013 0.09669 0.00001 1915.15811 3830.31622 5745.47433 0.02059 0.03717 0.06007 0.00363 0.00464 0.00482 red
M273 C18O 17.3 1.01061 0.04047 0.00001 1915.15811 3830.31622 5745.47433 0.02450 0.05166 0.07634 0.00211 0.00182 0.00202 blue
M308 C18O 21.2 1.8477 0.14139 6.9694e-09 1915.2 3830.3 5745.5 0.0048113 0.029443 0.061349 0.0058003 0.0032233 0.0046278 red
M308 C18O 21.2 2.8078 0.23761 5.1631e-12 1915.2 3830.3 5745.5 0.0041383 0.061305 0.18506 0.0089031 0.016741 0.017187 blue
#can't separate #M275 C18O 1.40149 0.13641 0.00000 1915.15811 3830.31622 5745.47433 7660.63244 0.02580 0.05495 0.08554 0.13873 0.02287 0.01713 0.01341 0.00840 red
#can't separate #M275 C18O 1.12120 0.36044 0.00001 1915.15811 3830.31622 5745.47433 0.02154 0.09863 0.14453 0.01916 0.01498 0.01589 blue
#not reliable #M308 N2D+ 1.6892 0.082285 3.0885e-08 1817.8 3635.6 5453.3 0.0092869 0.032932 0.062797 0.019484 0.029041 0.037077 red
#not reliable #M308 N2D+ 6.5323 1.6433 1.2694e-25 1817.8 3635.6 5453.3 0.0027756 0.013998 0.32565 0.014907 0.020746 0.021544 blue
